{
  "method": "avg",
  "num_markers": 30, "list_markers": [1, 2, 3, 6, 7, 8, 10, 11, 12, 16, 17, 21, 22, 24, 25, 26, 29, 30, 33, 35, 37, 38, 39, 41, 42, 43, 50, 51, 52, 53],
  "error_info": [
    ["avg_aruco_error",
      4.964364527719238, "(R+T) avg error w/o outliers"
    ],
    ["avg_aruco_rotation_error",
      0.7133711673568441, "(R) avg rotation error(deg) w/o outliers"
    ],
    ["avg_aruco_translation_error",
      4.2509933603623935, "(T) avg translation error(mm) w/o outliers"
    ]
  ],
  "results": {
    "1": {
      "Tmat": [
        [0.999897725234609, -0.011791197952223059, 0.008093622273495337, -0.4807963572219901],
        [0.011616207589345654, 0.9997048425754482, 0.021337559664591922, 0.790511461433402],
        [-0.008342828770612393, -0.02124136017420452, 0.9997395670003535, 0.0029999999999998916],
        [0.0, 0.0, 0.0, 1.0]
      ],
      "xyz": [-0.4807963572219901, 0.790511461433402, 0.0029999999999998916],
      "qxyzw": [-0.010645605417349678, 0.004109450707993512, 0.005852332660923428, 0.9999177634698776]
    },
    "2": {
      "Tmat": [
        [0.9999868897230001, 0.004683271065745141, 0.0020705927280214895, -0.4878022957817443],
        [-0.004706542650084004, 0.9999241597230181, 0.01138082855066424, 0.15256561410799785],
        [-0.0020171361886399566, -0.01139042467783482, 0.9999330924553178, 0.0015116498830958225],
        [0.0, 0.0, 0.0, 1.0]
      ],
      "xyz": [-0.4878022957817443, 0.15256561410799785, 0.0015116498830958225],
      "qxyzw": [-0.005692924219248262, 0.0010219521392986763, -0.002347499163997329, 0.9999805175478838]
    },
    "3": {
      "Tmat": [
        [0.9996177668900055, 0.013774858731119182, -0.023970260423627023, 0.123733739184355],
        [-0.012693656039098418, 0.9989203449181399, 0.044687980542712794, 0.14789932200002542],
        [0.024559951429101987, -0.04436662907594544, 0.9987133778067849, -0.04802826925206882],
        [0.0, 0.0, 0.0, 1.0]
      ],
      "xyz": [0.123733739184355, 0.14789932200002542, -0.04802826925206882],
      "qxyzw": [-0.022271305333775047, -0.012136723418508244, -0.006619403270681935, 0.999656377163539]
    },
    "6": {
      "Tmat": [
        [0.9998011214473941, -0.015844474572061226, 0.012110746387745954, -0.36161756185886895],
        [0.015588108184269785, 0.9996584173599808, 0.020977594823388228, 0.309283040264054],
        [-0.012438988534784421, -0.02078463920480815, 0.9997065921245881, -0.04214410555351544],
        [0.0, 0.0, 0.0, 1.0]
      ],
      "xyz": [-0.36161756185886895, 0.309283040264054, -0.04214410555351544],
      "qxyzw": [-0.010441646934577189, 0.006138073557689361, 0.007858964900246825, 0.9998957609336036]
    },
    "7": {
      "Tmat": [
        [0.9998875803474653, 0.010702537846126577, -0.010501540389079555, 0.4886722845658832],
        [-0.010484596720610402, 0.9997329581669856, 0.020593338396051878, 0.1512818044838431],
        [0.010719137022046427, -0.020480918884180157, 0.9997327803284046, -6.570665602190218e-05],
        [0.0, 0.0, 0.0, 1.0]
      ],
      "xyz": [0.4886722845658832, 0.1512818044838431, -6.570665602190218e-05],
      "qxyzw": [-0.010269394481600792, -0.0053055982489190745, -0.005297211859879363, 0.9999191615879324]
    },
    "8": {
      "Tmat": [
        [0.999774925979311, -0.001168982811331096, -0.021183268450596305, 0.49203964319099314],
        [0.0012067214847527972, 0.9999977075166162, 0.001768837123804094, 0.4073236974918609],
        [0.0211811521481116, -0.0017940013096773223, 0.9997740446485793, -0.006403886306153517],
        [0.0, 0.0, 0.0, 1.0]
      ],
      "xyz": [0.49203964319099314, 0.4073236974918609, -0.006403886306153517],
      "qxyzw": [-0.0008907600849273418, -0.010591705348122593, 0.0005939597318405814, 0.9999433331624981]
    },
    "10": {
      "Tmat": [
        [0.9999958067144862, 0.0011829700175661443, -0.002643319008666934, -0.49039630357055264],
        [-0.0011733570827282844, 0.9999927039330734, 0.0036352873032652147, 0.5386697931985837],
        [0.0026476001587195435, -0.0036321705023868965, 0.9999898987244027, -0.004864421357033466],
        [0.0, 0.0, 0.0, 1.0]
      ],
      "xyz": [-0.49039630357055264, 0.5386697931985837, -0.004864421357033466],
      "qxyzw": [-0.0018168693548384497, -0.0013227333616816495, -0.0005890833649107824, 0.9999973011678533]
    },
    "11": {
      "Tmat": [
        [0.9999324778876348, -0.005832401443342042, 0.010051007854844118, 0.25214414107540783],
        [0.005781540673432736, 0.9999703735295271, 0.0050819140743700465, 0.7947866789006108],
        [-0.010080349841938977, -0.005023460622075104, 0.9999365736837725, -0.0129820647893375],
        [0.0, 0.0, 0.0, 1.0]
      ],
      "xyz": [0.25214414107540783, 0.7947866789006108, -0.0129820647893375],
      "qxyzw": [-0.002526394384060615, 0.005032940445697798, 0.0029035438093102744, 0.999979927936173]
    },
    "12": {
      "Tmat": [
        [0.9997412671195787, 0.01859074799986986, -0.0131065978401881, 0.36768886194732775],
        [-0.01845803358231455, 0.9997778599420195, 0.010175056070115542, 0.3109553126082093],
        [0.013292848243068003, -0.00993050142546598, 0.9998623331874373, -0.052400033363392495],
        [0.0, 0.0, 0.0, 1.0]
      ],
      "xyz": [0.36768886194732775, 0.3109553126082093, -0.052400033363392495],
      "qxyzw": [-0.0050267780466767, -0.006600371864590282, -0.009262911608114996, 0.9999226795419031]
    },
    "16": {
      "Tmat": [
        [0.9998825062671242, -0.015066406484099399, -0.0028243683595194783, 0.12251369516830762],
        [0.015097458741634833, 0.9998219924711315, 0.011315922878938789, 0.6825427433553282],
        [0.0026533753068503385, -0.011357234113697842, 0.9999319841033032, -0.05506056588108499],
        [0.0, 0.0, 0.0, 1.0]
      ],
      "xyz": [0.12251369516830762, 0.6825427433553282, -0.05506056588108499],
      "qxyzw": [-0.005668546830766073, -0.0013694981475161905, 0.007541308988621253, 0.9999545593227674]
    },
    "17": {
      "Tmat": [
        [0.9997796922206055, 0.005956567379319837, 0.020126756527734206, -0.36089673296031777],
        [-0.006240106237475329, 0.9998817612181778, 0.014054346565385976, 0.6788899928983784],
        [-0.020040661102271304, -0.01417684338245217, 0.9996986491009645, -0.044840473231745115],
        [0.0, 0.0, 0.0, 1.0]
      ],
      "xyz": [-0.36089673296031777, 0.6788899928983784, -0.044840473231745115],
      "qxyzw": [-0.0070583620880375715, 0.01004265772352686, -0.0030494123278550864, 0.9999200096182378]
    },
    "21": {
      "Tmat": [
        [0.9997185686923533, -0.0005628542807200245, 0.023716378449736383, -0.239999202569075],
        [0.00042190432200745853, 0.9999822230756314, 0.005947733136347176, 0.7920091615939345],
        [-0.02371930455252677, -0.005936053215462788, 0.9997010342416215, -0.003520934380830232],
        [0.0, 0.0, 0.0, 1.0]
      ],
      "xyz": [-0.239999202569075, 0.7920091615939345, -0.003520934380830232],
      "qxyzw": [-0.002971168755742588, 0.011859807562273006, 0.00024620806077747646, 0.9999252254555845]
    },
    "22": {
      "Tmat": [
        [0.9997113573906349, 0.013138973512321538, -0.020113907606845803, 0.49243535907003766],
        [-0.012744540084056446, 0.9997263935404322, 0.01961414685084762, 0.2802073418002504],
        [0.020366114067737487, -0.019352142870577654, 0.9996052800801407, -0.007785680972404618],
        [0.0, 0.0, 0.0, 1.0]
      ],
      "xyz": [0.49243535907003766, 0.2802073418002504, -0.007785680972404618],
      "qxyzw": [-0.009742737937329106, -0.010121216202322092, -0.006471652591756712, 0.9998803717209385]
    },
    "24": {
      "Tmat": [
        [0.9999337524669097, 0.0019407677101724206, 0.011345664288175199, -0.3623409741230458],
        [-0.0021714394220142203, 0.9997904690983319, 0.02035442828902795, 0.15236137497850044],
        [-0.011303783803724505, -0.020377716281070657, 0.9997284497056621, -0.04412194647578804],
        [0.0, 0.0, 0.0, 1.0]
      ],
      "xyz": [-0.3623409741230458, 0.15236137497850044, -0.04412194647578804],
      "qxyzw": [-0.010183732897558142, 0.005662749459411698, -0.0010281221255500658, 0.9999315815683218]
    },
    "25": {
      "Tmat": [
        [0.9999946745893024, -6.0914233327025825e-05, 0.0032629867439939774, -0.4851593212736728],
        [3.346551195181784e-05, 0.9999646218089524, 0.008411540318983389, 0.666756712925439],
        [-0.0032633836879551728, -0.00841138632655472, 0.9999592986251843, -0.002325048583149636],
        [0.0, 0.0, 0.0, 1.0]
      ],
      "xyz": [-0.4851593212736728, 0.666756712925439, -0.002325048583149636],
      "qxyzw": [-0.00420577445797367, 0.0016316092107102609, 2.359517641648535e-05, 0.9999898243261577]
    },
    "26": {
      "Tmat": [
        [0.9999872994799902, 0.003108069807390443, 0.003967465285121889, -0.4881752334174613],
        [-0.003162652634165612, 0.9998994107036562, 0.013826283043427746, 0.280627205912279],
        [-0.003924093147704895, -0.01383865515697825, 0.9998965412063463, -0.004252878307179575],
        [0.0, 0.0, 0.0, 1.0]
      ],
      "xyz": [-0.4881752334174613, 0.280627205912279, -0.004252878307179575],
      "qxyzw": [-0.006916421943245417, 0.0019729430630140987, -0.0015677230861895206, 0.9999729060567079]
    },
    "29": {
      "Tmat": [
        [0.9999930482586671, 0.00371410119166252, -0.000329979813227031, -0.48732415380447114],
        [-0.0037094893896288937, 0.999908325323829, 0.013022313026640912, 0.024999999999999967],
        [0.00037831575076496907, -0.013020998442273246, 0.9999151516387573, 0.0029999999999998916],
        [0.0, 0.0, 0.0, 1.0]
      ],
      "xyz": [-0.48732415380447114, 0.024999999999999967, 0.0029999999999998916],
      "qxyzw": [-0.006510977193953429, -0.00017707795221177935, -0.0018559402105883978, 0.9999770653896588]
    },
    "30": {
      "Tmat": [
        [0.9999937076461463, -0.002767123929228496, 0.002219840821747923, -0.12376775433943424],
        [0.0027588935614598583, 0.9999893411562151, 0.0037021723724412225, 0.6825149942302389],
        [-0.002230061530573275, -0.003696024772512022, 0.9999906830698226, -0.05566146690512053],
        [0.0, 0.0, 0.0, 1.0]
      ],
      "xyz": [-0.12376775433943424, 0.6825149942302389, -0.05566146690512053],
      "qxyzw": [-0.0018495553592928495, 0.0011124792409297202, 0.0013815089088861066, 0.9999967164786323]
    },
    "33": {
      "Tmat": [
        [0.9996389719277856, 0.026588799977192226, -0.0038680122714910095, 0.12750626882918448],
        [-0.02647253612424216, 0.9992707735397623, 0.027515922306838428, 0.3151587893388857],
        [0.004596806968998576, -0.02740359219186676, 0.9996138817066678, -0.05278665674499727],
        [0.0, 0.0, 0.0, 1.0]
      ],
      "xyz": [0.12750626882918448, 0.3151587893388857, -0.05278665674499727],
      "qxyzw": [-0.013732413128761913, -0.0021165954566739753, -0.013267782775577266, 0.9998154363649094]
    },
    "35": {
      "Tmat": [
        [0.9995916552208008, 0.02098186901387606, -0.019398040767666522, 0.3774952974477386],
        [-0.02072807048649342, 0.9996980936726282, 0.013193506024579851, 0.5014005897408657],
        [0.01966900879166165, -0.01278603456894331, 0.9997247858351596, -0.04806410788697568],
        [0.0, 0.0, 0.0, 1.0]
      ],
      "xyz": [0.3774952974477386, 0.5014005897408657, -0.04806410788697568],
      "qxyzw": [-0.006495685356711551, -0.00976796571282379, -0.010428769603009053, 0.9998768092530934]
    },
    "37": {
      "Tmat": [
        [0.9995383161283892, -0.02520628343544544, 0.01696460629063441, -0.3672056152690968],
        [0.025244637167186893, 0.9996792005456064, -0.002050436732463774, 0.5013125727153295],
        [-0.01690748016474744, 0.002477755409385859, 0.999853988261591, -0.0514254553700777],
        [0.0, 0.0, 0.0, 1.0]
      ],
      "xyz": [-0.3672056152690968, 0.5013125727153295, -0.0514254553700777],
      "qxyzw": [0.0011321794459671728, 0.008469004599513386, 0.012614194262766146, 0.9998839313809863]
    },
    "38": {
      "Tmat": [
        [0.9996690729763437, 0.0027034514527114594, -0.02558194450897815, 0.4942584757227926],
        [-0.0028764159713348617, 0.9999732377434293, -0.006726814110955382, 0.7926916648936088],
        [0.025563074263035196, 0.006798172340146362, 0.9996500958270633, -0.008545609364768447],
        [0.0, 0.0, 0.0, 1.0]
      ],
      "xyz": [0.4942584757227926, 0.7926916648936088, -0.008545609364768447],
      "qxyzw": [0.0033815457209556677, -0.012787385776834359, -0.0013950902560605509, 0.9999115469063796]
    },
    "39": {
      "Tmat": [
        [0.9997549950582543, -0.019278266436268395, -0.010876502162098792, 0.37122347555771706],
        [0.019192525002130992, 0.9997843320209805, -0.007933248351374642, 0.6774844546904537],
        [0.011027095724281582, 0.007722557126642653, 0.9999093785295313, -0.05674986807991389],
        [0.0, 0.0, 0.0, 1.0]
      ],
      "xyz": [0.37122347555771706, 0.6774844546904537, -0.05674986807991389],
      "qxyzw": [0.003914221114817294, -0.005476276864688989, 0.009618360700977848, 0.9999310858265142]
    },
    "41": {
      "Tmat": [
        [0.9997542253460403, 0.0017789954309236139, -0.022098055977748953, 0.4911345729856811],
        [-0.0018078383670429854, 0.9999975398381776, -0.0012853163154024306, 0.5359279918344393],
        [0.02209571504110292, 0.0013249501306634127, 0.9997549819250581, -0.006507942329936345],
        [0.0, 0.0, 0.0, 1.0]
      ],
      "xyz": [0.4911345729856811, 0.5359279918344393, -0.006507942329936345],
      "qxyzw": [0.0006526068502839171, -0.01104912402726177, -0.0008967637426099059, 0.9999383414877732]
    },
    "42": {
      "Tmat": [
        [0.999971401385101, -0.006398661060455605, 0.004031568993651357, 0.1206188657428159],
        [0.006268927538678961, 0.9994869377663049, 0.031409581054981865, 0.5068243485461718],
        [-0.004230479811079904, -0.03138340917058077, 0.9994984665668077, -0.04476973061562317],
        [0.0, 0.0, 0.0, 1.0]
      ],
      "xyz": [0.1206188657428159, 0.5068243485461718, -0.04476973061562317],
      "qxyzw": [-0.015700294997137192, 0.0020657815951916625, 0.003167310191700673, 0.999869592211681]
    },
    "43": {
      "Tmat": [
        [0.9999686656337629, -0.001423579618549053, -0.0077872441660284085, -0.1255610004125143],
        [0.00171547982607566, 0.9992911307380394, 0.03760708918882965, 0.5058228433275778],
        [0.007728187342321592, -0.03761926965479145, 0.9992622607058878, -0.04133470924850258],
        [0.0, 0.0, 0.0, 1.0]
      ],
      "xyz": [-0.1255610004125143, 0.5058228433275778, -0.04133470924850258],
      "qxyzw": [-0.018810065057272608, -0.003879574667044583, 0.0007849098810535054, 0.9998152400665948]
    },
    "50": {
      "Tmat": [
        [0.9999197500597987, -0.005057317847017193, 0.011615376728447117, -0.11991513380367633],
        [0.004865470727984379, 0.999852259576733, 0.016485939885146437, 0.315879436794536],
        [-0.011697035305778845, -0.01642810261398971, 0.9997966277246386, -0.046552884763278346],
        [0.0, 0.0, 0.0, 1.0]
      ],
      "xyz": [-0.11991513380367633, 0.315879436794536, -0.046552884763278346],
      "qxyzw": [-0.008228954344679735, 0.005828417287212062, 0.0024808309145781756, 0.9999460782163668]
    },
    "51": {
      "Tmat": [
        [0.9997046322374232, 0.0063543546634368, -0.023457844313778328, 0.49200126010051826],
        [-0.006257748794157429, 0.9999716443996718, 0.0041893885765371276, 0.6614031104769396],
        [0.0234838000133587, -0.00404135786923864, 0.9997160489676582, -0.006069741791935979],
        [0.0, 0.0, 0.0, 1.0]
      ],
      "xyz": [0.49200126010051826, 0.6614031104769396, -0.006069741791935979],
      "qxyzw": [-0.0020578429296883084, -0.011736302596967785, -0.0031532653933262563, 0.9999240378154675]
    },
    "52": {
      "Tmat": [
        [0.999996264132303, 0.0024507945825791655, 0.0012105070635189297, 0.0075057469138288535],
        [-0.00244915942474452, 0.9999960889514712, -0.0013504443244887723, 0.7917761318715026],
        [-0.0012138119908016176, 0.0013474745546241025, 0.9999983554850358, -0.009486364421509741],
        [0.0, 0.0, 0.0, 1.0]
      ],
      "xyz": [0.0075057469138288535, 0.7917761318715026, -0.009486364421509741],
      "qxyzw": [0.0006744805031398207, 0.0006060804674993259, -0.0012249899245704763, 0.9999988385704262]
    },
    "53": {
      "Tmat": [
        [0.9998901701005662, 0.007667392877179382, -0.012683013156485262, 0.48732415380447125],
        [-0.007464616412312924, 0.999844785375581, 0.015958842660910674, 0.024999999999999967],
        [0.012803407283907957, -0.015862416074660653, 0.9997922066700645, 0.0029999999999998916],
        [0.0, 0.0, 0.0, 1.0]
      ],
      "xyz": [0.48732415380447125, 0.024999999999999967, 0.0029999999999998916],
      "qxyzw": [-0.00795578492232338, -0.00637198173549991, -0.0037832259355355534, 0.9999408935214886]
    }
  }
}