{
  "method": "ba",
  "num_markers": 30, "list_markers": [1, 2, 3, 6, 7, 8, 10, 11, 12, 16, 17, 21, 22, 24, 25, 26, 29, 30, 33, 35, 37, 38, 39, 41, 42, 43, 50, 51, 52, 53],
  "error_info": [
    ["chi2",
      1.1157482093140714, "chi-squared (lower is better)"
    ]
  ],
  "results": {
    "1": {
      "Tmat": [
        [0.9998568278766686, -0.01585366311575277, 0.005914821571197079, -0.4916120910594553],
        [0.01577797328283478, 0.999795735109148, 0.012631057621793057, 0.7913839273958334],
        [-0.0061138619131459555, -0.012535925309730415, 0.9999027309039293, 0.0030000000000001137],
        [0.0, 0.0, 0.0, 1.0]
      ],
      "xyz": [-0.4916120910594553, 0.7913839273958334, 0.0030000000000001137],
      "qxyzw": [-0.0062920955092677965, 0.003007338048433117, 0.007908348723240867, 0.9999444101911044]
    },
    "2": {
      "Tmat": [
        [0.9999943117946001, -0.0015038892023664003, 0.003019055433462861, -0.4886989056595336],
        [0.001468965430337389, 0.9999323692188187, 0.01153685958155221, 0.15295721300194753],
        [-0.0030362014109393647, -0.01153235906946137, 0.9999288905593658, 0.0033044174263130444],
        [0.0, 0.0, 0.0, 1.0]
      ],
      "xyz": [-0.4886989056595336, 0.15295721300194753, 0.0033044174263130444],
      "qxyzw": [-0.0057674087859158445, 0.0015138415415665296, 0.0007432270761868141, 0.99998194628363]
    },
    "3": {
      "Tmat": [
        [0.9998608749801055, 0.00903384024766877, -0.014022140150455569, 0.12023894131834882],
        [-0.008956830717441147, 0.9999445119024237, 0.005545114942235937, 0.1517002377273223],
        [0.014071455771117854, -0.005418749542385716, 0.999886309180138, -0.04468353950025916],
        [0.0, 0.0, 0.0, 1.0]
      ],
      "xyz": [0.12023894131834882, 0.1517002377273223, -0.04468353950025916],
      "qxyzw": [-0.002741071758593016, -0.00702366966373591, -0.004497841082382054, 0.9999614612652162]
    },
    "6": {
      "Tmat": [
        [0.9997661663573686, -0.021130602537080802, 0.004594588502831836, -0.3629525485424401],
        [0.021089862749677786, 0.9997393672379191, 0.008741583605139281, 0.3127823705895126],
        [-0.0047781059312445385, -0.008642640287886517, 0.9999512360473204, -0.040612433043632046],
        [0.0, 0.0, 0.0, 1.0]
      ],
      "xyz": [-0.3629525485424401, 0.3127823705895126, -0.040612433043632046],
      "qxyzw": [-0.0043463511170113, 0.0023433327351070066, 0.010555833127152605, 0.9999320938997069]
    },
    "7": {
      "Tmat": [
        [0.99995209743498, 0.005902940735460232, -0.007807568511220157, 0.4848070211633359],
        [-0.005886196566983226, 0.9999803306974913, 0.002165850435941151, 0.154569062197541],
        [0.007820199828558595, -0.002119789803182571, 0.9999671749441735, 0.0051171555649525136],
        [0.0, 0.0, 0.0, 1.0]
      ],
      "xyz": [0.4848070211633359, 0.154569062197541, 0.0051171555649525136],
      "qxyzw": [-0.0010714235058182483, -0.003906991116487957, -0.0029473213135918783, 0.9999874503058332]
    },
    "8": {
      "Tmat": [
        [0.9999561271460464, -0.006118954195616236, -0.007092403163446346, 0.48823143959531906],
        [0.006091705131408546, 0.9999740059852378, -0.003857263593290211, 0.4128094498273929],
        [0.007115821222661635, 0.003813889535383351, 0.9999674091363873, 0.0007154790940721023],
        [0.0, 0.0, 0.0, 1.0]
      ],
      "xyz": [0.48823143959531906, 0.4128094498273929, 0.0007154790940721023],
      "qxyzw": [0.0019178128441701117, -0.0035521015893524854, 0.0030527039286467, 0.9999871927014454]
    },
    "10": {
      "Tmat": [
        [0.9999584242178935, -0.008574444185919699, 0.003103021522677993, -0.49069908245448646],
        [0.008572252840163127, 0.9999629992122354, 0.0007188099299696209, 0.5382413064655888],
        [-0.003109070104061964, -0.0006921801598238475, 0.9999949272719909, -0.0021280938977794595],
        [0.0, 0.0, 0.0, 1.0]
      ],
      "xyz": [-0.49069908245448646, 0.5382413064655888, -0.0021280938977794595],
      "qxyzw": [-0.00035275121089156907, 0.0015530391455989, 0.0042867190793851985, 0.9999895437830987]
    },
    "11": {
      "Tmat": [
        [0.999927935541226, -0.008332806718249708, 0.008642225202970586, 0.24534089227542855],
        [0.008313329267450965, 0.9999628278658649, 0.0022872347919283527, 0.8036498807281732],
        [-0.008660963038456532, -0.0022152242998752167, 0.999960039451851, -0.004428827155076309],
        [0.0, 0.0, 0.0, 1.0]
      ],
      "xyz": [0.24534089227542855, 0.8036498807281732, -0.004428827155076309],
      "qxyzw": [-0.0011256357658514138, 0.004325877737183514, 0.004161611609718191, 0.9999813501834602]
    },
    "12": {
      "Tmat": [
        [0.9997895399825629, 0.014695135514408484, -0.014315332118667787, 0.36293101094861246],
        [-0.014701855098888056, 0.9998918555348203, -0.00036426883614813966, 0.3160848512384446],
        [0.01430843101482109, 0.0005746541106236391, 0.9998974640304606, -0.04579064634708663],
        [0.0, 0.0, 0.0, 1.0]
      ],
      "xyz": [0.36293101094861246, 0.3160848512384446, -0.04579064634708663],
      "qxyzw": [0.00023474309449484536, -0.0071563175201385665, -0.007349634567061596, 0.9999473560577883]
    },
    "16": {
      "Tmat": [
        [0.9998314580980713, -0.016674910280578038, -0.007681325707240913, 0.1148268755933916],
        [0.01667283238859846, 0.9998609427255476, -0.0003344729000217175, 0.6888507193893372],
        [0.007685834868623089, 0.00020634707128408864, 0.9999704422447987, -0.048129055102127505],
        [0.0, 0.0, 0.0, 1.0]
      ],
      "xyz": [0.1148268755933916, 0.6888507193893372, -0.048129055102127505],
      "qxyzw": [0.00013521069134929896, -0.0038419520649743966, 0.00833728704646337, 0.9999578544954302]
    },
    "17": {
      "Tmat": [
        [0.9999187224996302, 0.002986870820801384, 0.01239463583195697, -0.3710167637452201],
        [-0.0029962226954693893, 0.9999952404587228, 0.0007360091442472394, 0.6819945376860965],
        [-0.01239237847493931, -0.0007730864124457761, 0.9999229126753385, -0.04672695831239948],
        [0.0, 0.0, 0.0, 1.0]
      ],
      "xyz": [-0.3710167637452201, 0.6819945376860965, -0.04672695831239948],
      "qxyzw": [-0.0003772815822291244, 0.006196879935776889, -0.0014958038796361356, 0.9999796092463205]
    },
    "21": {
      "Tmat": [
        [0.9999971917263131, -0.0015799368101934255, 0.0017664481774544063, -0.25009537434584217],
        [0.001586631926348076, 0.9999915394849198, -0.0037952019327582498, 0.7948284012518356],
        [-0.0017604370531571808, 0.003797993977867108, 0.9999912380131765, -0.0013345289317335807],
        [0.0, 0.0, 0.0, 1.0]
      ],
      "xyz": [-0.25009537434584217, 0.7948284012518356, -0.0013345289317335807],
      "qxyzw": [0.001898303730724292, 0.0008817235153563141, 0.0007916441662937206, 0.9999974961499165]
    },
    "22": {
      "Tmat": [
        [0.9998782579284652, 0.009752773882293344, -0.012180013281574555, 0.4901679192568457],
        [-0.009694258194490908, 0.9999412279306145, 0.004854074852544219, 0.2836789836814797],
        [0.012226638131433402, -0.004735407713852528, 0.9999140389222396, -0.00238553525218399],
        [0.0, 0.0, 0.0, 1.0]
      ],
      "xyz": [0.4901679192568457, 0.2836789836814797, -0.00238553525218399],
      "qxyzw": [-0.0023974505005725775, -0.006101866106150711, -0.004861919969541727, 0.9999666900428882]
    },
    "24": {
      "Tmat": [
        [0.9999743766700756, -0.0045345739585718955, 0.005539281750132905, -0.36508754061301124],
        [0.004483362739828237, 0.999947418369546, 0.00922279538012451, 0.15348814403487815],
        [-0.005580811933422863, -0.009197724451991523, 0.999942126526865, -0.04709861149356043],
        [0.0, 0.0, 0.0, 1.0]
      ],
      "xyz": [-0.36508754061301124, 0.15348814403487815, -0.04709861149356043],
      "qxyzw": [-0.004605208292386492, 0.002780070709749727, 0.002254522523912969, 0.9999829900511418]
    },
    "25": {
      "Tmat": [
        [0.9999553681709364, -0.007335463200205072, 0.005954212438817948, -0.49120324716879454],
        [0.0073177275700320055, 0.9999687399002407, 0.002995010105996993, 0.6670905111362861],
        [-0.005975996095959861, -0.002951305128696783, 0.9999777883876713, -0.0016234359628167772],
        [0.0, 0.0, 0.0, 1.0]
      ],
      "xyz": [-0.49120324716879454, 0.6670905111362861, -0.0016234359628167772],
      "qxyzw": [-0.001486597038839508, 0.0029825887092328474, 0.003663342616195047, 0.9999877369821649]
    },
    "26": {
      "Tmat": [
        [0.999933549110319, -0.004775533421070456, 0.0104924565372799, -0.48889324771684267],
        [0.004674651854247169, 0.9999428167667167, 0.00961825486699537, 0.2798308042646501],
        [-0.010537788842259725, -0.009568567143994707, 0.9998986936330739, 0.0018808665144840475],
        [0.0, 0.0, 0.0, 1.0]
      ],
      "xyz": [-0.48889324771684267, 0.2798308042646501, 0.0018808665144840475],
      "qxyzw": [-0.004796840380096893, 0.005257709180923054, 0.0023626127506721005, 0.9999718820434537]
    },
    "29": {
      "Tmat": [
        [0.9999736068041362, -0.0025512715316995467, 0.006802698633488987, -0.48870759750261294],
        [0.002492802365386614, 0.9999600009849224, 0.008589666268328246, 0.024999999999999977],
        [-0.006824341103261014, -0.008572481776339538, 0.9999399686604692, 0.0030000000000001137],
        [0.0, 0.0, 0.0, 1.0]
      ],
      "xyz": [-0.48870759750261294, 0.024999999999999977, 0.0030000000000001137],
      "qxyzw": [-0.004290604815889539, 0.003406813772299455, 0.00126103840254794, 0.9999841969313226]
    },
    "30": {
      "Tmat": [
        [0.9999838034242162, -0.005403491091129583, -0.0017875047597111031, -0.13191933683615154],
        [0.005404133538509686, 0.9999853346299407, 0.0003547756248334538, 0.6858080257011346],
        [0.0017855615183640483, -0.00036442979310535807, 0.9999983394791165, -0.04898860846809172],
        [0.0, 0.0, 0.0, 1.0]
      ],
      "xyz": [-0.13191933683615154, 0.6858080257011346, -0.04898860846809172],
      "qxyzw": [-0.00017980208543710613, -0.0008932702009447624, 0.002701917141558473, 0.9999959346833956]
    },
    "33": {
      "Tmat": [
        [0.9997452943879702, 0.022542205920169905, 0.0010932983868090869, 0.12077017463663468],
        [-0.022544926066341522, 0.9997425965780202, 0.0025430092608019752, 0.3206654388526014],
        [-0.0010356919296491505, -0.0025670098733709765, 0.9999961688939295, -0.046286686351502015],
        [0.0, 0.0, 0.0, 1.0]
      ],
      "xyz": [0.12077017463663468, 0.3206654388526014, -0.046286686351502015],
      "qxyzw": [-0.0012775871810140036, 0.0005322819084216945, -0.011272510012621554, 0.9999355054027135]
    },
    "35": {
      "Tmat": [
        [0.9996644230052808, 0.016908763508787547, -0.019624859085437284, 0.3708090939283315],
        [-0.0169236655403944, 0.9998566083688158, -0.0005935030623770407, 0.5070289014930575],
        [0.019612009641957775, 0.0009254284478420154, 0.9998072377513537, -0.04110796178262255],
        [0.0, 0.0, 0.0, 1.0]
      ],
      "xyz": [0.3708090939283315, 0.5070289014930575, -0.04110796178262255],
      "qxyzw": [0.00037976476635836657, -0.009810040929855157, -0.008458817548230458, 0.9999160301152102]
    },
    "37": {
      "Tmat": [
        [0.9994586589031651, -0.032430683238457436, 0.005535334513216019, -0.36976349198127684],
        [0.03243383697651538, 0.9994737690125834, -0.00048091034632246916, 0.5008126552407284],
        [-0.005516825397561654, 0.000660182147000087, 0.9999845642794021, -0.045508968841715625],
        [0.0, 0.0, 0.0, 1.0]
      ],
      "xyz": [-0.36976349198127684, 0.5008126552407284, -0.045508968841715625],
      "qxyzw": [0.0002853117503019097, 0.0027634141029002635, 0.016218325774051495, 0.9998646148598258]
    },
    "38": {
      "Tmat": [
        [0.9998652936797607, -0.0024509541134807317, -0.016229211891527148, 0.4915974402796704],
        [0.0023549200436980035, 0.9999796218128191, -0.005933827658303505, 0.8047036080359079],
        [0.01624342470891721, 0.005894809837837993, 0.9998506900386184, -0.0025758397798792965],
        [0.0, 0.0, 0.0, 1.0]
      ],
      "xyz": [0.4915974402796704, 0.8047036080359079, -0.0025758397798792965],
      "qxyzw": [0.0029572718983272416, -0.00811846805808425, 0.001201514256951154, 0.9999619499674972]
    },
    "39": {
      "Tmat": [
        [0.9996642654331785, -0.022256297550982858, -0.01326701304986574, 0.36634728412513196],
        [0.022144004252626165, 0.9997182155270848, -0.0085517611636846, 0.6843869952690622],
        [0.013453605152630096, 0.008255105248458539, 0.9998754191126684, -0.047269040039111365],
        [0.0, 0.0, 0.0, 1.0]
      ],
      "xyz": [0.36634728412513196, 0.6843869952690622, -0.047269040039111365],
      "qxyzw": [0.004202106418975068, -0.0066807743046359835, 0.011101105264844504, 0.9999072332062773]
    },
    "41": {
      "Tmat": [
        [0.9999003649865783, -0.0026392152967626777, -0.013867034373840108, 0.48672511287198256],
        [0.0025673545407724025, 0.9999831978387005, -0.005197377314452821, 0.5417102952531606],
        [0.013880518375403076, 0.005161257880027355, 0.9998903403007382, 0.0011722682772449255],
        [0.0, 0.0, 0.0, 1.0]
      ],
      "xyz": [0.48672511287198256, 0.5417102952531606, 0.0011722682772449255],
      "qxyzw": [0.002589731990942729, -0.00693708424671402, 0.0013016792481047685, 0.9999717374913671]
    },
    "42": {
      "Tmat": [
        [0.9998906229859463, -0.009812709999699206, -0.011065838749841149, 0.11549531378934931],
        [0.009839168868905238, 0.9999488582858601, 0.0023391384683363312, 0.5108873406668993],
        [0.011042319536440035, -0.0024477612764912345, 0.9999360357762834, -0.04311059335063028],
        [0.0, 0.0, 0.0, 1.0]
      ],
      "xyz": [0.11549531378934931, 0.5108873406668993, -0.04311059335063028],
      "qxyzw": [-0.0011967585181637346, -0.00552719466886864, 0.004913107582697004, 0.9999719392373082]
    },
    "43": {
      "Tmat": [
        [0.9999838347312155, -0.004712346993991049, -0.0031818331292245263, -0.13243044859213438],
        [0.004700788216574219, 0.9999823608743029, -0.003630500020539002, 0.5058224528668315],
        [0.0031988851803284118, 0.003615484208849339, 0.9999883476358805, -0.042751147278282],
        [0.0, 0.0, 0.0, 1.0]
      ],
      "xyz": [-0.13243044859213438, 0.5058224528668315, -0.042751147278282],
      "qxyzw": [0.0018115063505271774, -0.0015951886414269367, 0.002353297174337042, 0.9999943178890315]
    },
    "50": {
      "Tmat": [
        [0.9999481699793152, -0.010076997223244738, 0.0014530939340198282, -0.12356314095377202],
        [0.010104208113833703, 0.9997464274301612, -0.020124259465161505, 0.32001240616108706],
        [-0.0012499333625064462, 0.020137898787895483, 0.9997964306292545, -0.04243367101740614],
        [0.0, 0.0, 0.0, 1.0]
      ],
      "xyz": [-0.12356314095377202, 0.32001240616108706, -0.04243367101740614],
      "qxyzw": [0.010066180009060679, 0.0006757998208941629, 0.005045622354520177, 0.9999363764808651]
    },
    "51": {
      "Tmat": [
        [0.9999317442740784, 0.0007367825657097498, -0.011660357818291271, 0.4884288195841145],
        [-0.0007765069192511383, 0.9999939095671914, -0.003402626269382414, 0.6698433782134541],
        [0.011657779805952496, 0.0034114483691831806, 0.9999262263737362, 0.0013299835786287906],
        [0.0, 0.0, 0.0, 1.0]
      ],
      "xyz": [0.4884288195841145, 0.6698433782134541, 0.0013299835786287906],
      "qxyzw": [0.001703550201119579, -0.0058296423427314226, -0.00037832937606325237, 0.9999814848554701]
    },
    "52": {
      "Tmat": [
        [0.9999816142755094, 0.0018230954293849382, -0.005783375658141037, -0.0026572336741525343],
        [-0.0018565604991731344, 0.9999815355356271, -0.005786343484653895, 0.7966271138969571],
        [0.005772719814847515, 0.005796974285335498, 0.9999665348375788, -0.0009585964619179821],
        [0.0, 0.0, 0.0, 1.0]
      ],
      "xyz": [-0.0026572336741525343, 0.7966271138969571, -0.0009585964619179821],
      "qxyzw": [0.0028958548954909733, -0.0028890492614231933, -0.0009199220677554075, 0.999991210542462]
    },
    "53": {
      "Tmat": [
        [0.9991528853970112, 0.0021290086346771064, -0.04109718877320112, 0.4887075975026129],
        [-0.001712851622515781, 0.9999469318216144, 0.010158724322417847, 0.02499999999999994],
        [0.041116635832055985, -0.01007972533222547, 0.9991035088493485, 0.0030000000000001137],
        [0.0, 0.0, 0.0, 1.0]
      ],
      "xyz": [0.4887075975026129, 0.02499999999999994, 0.0030000000000001137],
      "qxyzw": [-0.005060749105816082, -0.020558073689271983, -0.0009606808423093682, 0.9997753905337905]
    }
  }
}