{
  "method": "avg",
  "num_markers": 30, "list_markers": [1, 2, 3, 6, 7, 8, 10, 11, 12, 16, 17, 21, 22, 24, 25, 26, 29, 30, 33, 35, 37, 38, 39, 41, 42, 43, 50, 51, 52, 53],
  "error_info": [
    ["avg_aruco_error",
      5.0218821506515505, "(R+T) avg error w/o outliers"
    ],
    ["avg_aruco_rotation_error",
      0.7012218316845024, "(R) avg rotation error(deg) w/o outliers"
    ],
    ["avg_aruco_translation_error",
      4.3206603189670485, "(T) avg translation error(mm) w/o outliers"
    ]
  ],
  "results": {
    "1": {
      "Tmat": [
        [0.9999289611595493, -0.010024261218421076, -0.006448784490837308, -0.48909029383329783],
        [0.010113492936237459, 0.9998514559753682, 0.013956476796286508, 0.7933441013913486],
        [0.006307923193340255, -0.014020705080753445, 0.9998818079823362, 0.0030000000000003357],
        [0.0, 0.0, 0.0, 1.0]
      ],
      "xyz": [-0.48909029383329783, 0.7933441013913486, 0.0030000000000003357],
      "qxyzw": [-0.006994590800130729, -0.003189311582555532, 0.005034651115488589, 0.9999577772482763]
    },
    "2": {
      "Tmat": [
        [0.9999750085261038, 0.0026462021777086987, -0.0065559085757129305, -0.4889997105189977],
        [-0.002743699444770243, 0.9998851115214109, -0.014907577642676821, 0.15233353498425595],
        [0.006515706912928488, 0.014925192523058507, 0.9998673833021929, 0.004492370271560464],
        [0.0, 0.0, 0.0, 1.0]
      ],
      "xyz": [-0.4889997105189977, 0.15233353498425595, 0.004492370271560464],
      "qxyzw": [0.00745844659597495, -0.003268015189455298, -0.001347521305781728, 0.999965937338581]
    },
    "3": {
      "Tmat": [
        [0.9999534579968878, 0.008439160914275313, 0.004675724877372346, 0.12088374673529459],
        [-0.00841058772500501, 0.9999460410575642, -0.006097293450763524, 0.14841388831264046],
        [-0.004726928620775391, 0.006057684076253715, 0.9999704798690042, -0.03864698007467704],
        [0.0, 0.0, 0.0, 1.0]
      ],
      "xyz": [0.12088374673529459, 0.14841388831264046, -0.03864698007467704],
      "qxyzw": [0.0030387937705603604, 0.0023507015799412168, -0.004212505624690968, 0.9999837472333557]
    },
    "6": {
      "Tmat": [
        [0.9997613281723537, -0.018963309634441535, 0.010848021882312962, -0.3592116879629122],
        [0.018900221304339604, 0.9998040319561977, 0.005888914906657121, 0.3096427204832784],
        [-0.010957569333471372, -0.005682479374283379, 0.9999238176493562, -0.02866593235630388],
        [0.0, 0.0, 0.0, 1.0]
      ],
      "xyz": [-0.3592116879629122, 0.3096427204832784, -0.02866593235630388],
      "qxyzw": [-0.002893033304345827, 0.005451745924181184, 0.009466487215498934, 0.9999361451835195]
    },
    "7": {
      "Tmat": [
        [0.9997847641014831, 0.007939656040906852, 0.019167350690529324, 0.48299748312522117],
        [-0.007343637188971342, 0.9994933943372297, -0.030968139580540503, 0.15083968392632102],
        [-0.019403516778625486, 0.030820716055847467, 0.9993365734318076, 0.009184230659299297],
        [0.0, 0.0, 0.0, 1.0]
      ],
      "xyz": [0.48299748312522117, 0.15083968392632102, 0.009184230659299297],
      "qxyzw": [0.015449889420688168, 0.009644387019647649, -0.0038214850874584093, 0.9998268264892828]
    },
    "8": {
      "Tmat": [
        [0.9999970918058055, -0.0021831846559636106, 0.0010247363998495194, 0.4862200374019026],
        [0.0021825698879007044, 0.9999974377928127, 0.000600663379066092, 0.40741125903230097],
        [-0.0010260451333351218, -0.0005984250734110139, 0.9999992945591596, 0.00895581630131681],
        [0.0, 0.0, 0.0, 1.0]
      ],
      "xyz": [0.4862200374019026, 0.40741125903230097, 0.00895581630131681],
      "qxyzw": [-0.0002997723445377089, 0.0005126957790873021, 0.0010914394785360962, 0.9999992280194242]
    },
    "10": {
      "Tmat": [
        [0.9999633465030066, -0.007033468037016933, -0.00488221034780909, -0.49326736854038356],
        [0.0070160072985504815, 0.9999689635164, -0.003584361243543624, 0.5409961048295391],
        [0.004907269311407288, 0.0035499762407363534, 0.9999816580200838, 0.001707071216696665],
        [0.0, 0.0, 0.0, 1.0]
      ],
      "xyz": [-0.49326736854038356, 0.5409961048295391, 0.001707071216696665],
      "qxyzw": [0.0017836035520369445, -0.002447396234232513, 0.0035124066064982718, 0.9999892459471114]
    },
    "11": {
      "Tmat": [
        [0.9999057076002781, -0.004410342070291173, 0.01300479877621481, 0.24900569599769265],
        [0.004215522789371762, 0.9998790551623448, 0.0149701174100204, 0.7961772134533239],
        [-0.013069249251548686, -0.014913883816113298, 0.9998033660643082, 0.001111859982589114],
        [0.0, 0.0, 0.0, 1.0]
      ],
      "xyz": [0.24900569599769265, 0.7961772134533239, 0.001111859982589114],
      "qxyzw": [-0.0074713849724473425, 0.006518847631258429, 0.002156577246774076, 0.9999485147780023]
    },
    "12": {
      "Tmat": [
        [0.9997077657262574, 0.0196356058173792, -0.01410057200253292, 0.36239131748110603],
        [-0.0195506965764292, 0.9997900469980414, 0.006134507888259941, 0.31048807119176364],
        [0.01421806632388913, -0.005857039170026818, 0.999881763851192, -0.03355067007954138],
        [0.0, 0.0, 0.0, 1.0]
      ],
      "xyz": [0.36239131748110603, 0.31048807119176364, -0.03355067007954138],
      "qxyzw": [-0.0029981192865177675, -0.007080208693814649, -0.009797335439967785, 0.9999224440644748]
    },
    "16": {
      "Tmat": [
        [0.9998862501487785, -0.014861403368666627, 0.0025739955959343985, 0.11920758067488685],
        [0.014819131187606993, 0.9997664637822483, 0.015729311719969385, 0.6819573752885448],
        [-0.002807154120920371, -0.01568937813468888, 0.9998729735818891, -0.04136114970113702],
        [0.0, 0.0, 0.0, 1.0]
      ],
      "xyz": [0.11920758067488685, 0.6819573752885448, -0.04136114970113702],
      "qxyzw": [-0.007855138201238603, 0.0013453671971362935, 0.007420573610952178, 0.9999407091814139]
    },
    "17": {
      "Tmat": [
        [0.9999839951180702, -0.0005344358425321402, 0.0056323961182911265, -0.3641427348583678],
        [0.0004159627470141442, 0.999779085599522, 0.02101444676352466, 0.6775165494816782],
        [-0.005642382714440809, -0.02101176756282373, 0.9997633065587024, -0.03404424560343067],
        [0.0, 0.0, 0.0, 1.0]
      ],
      "xyz": [-0.3641427348583678, 0.6775165494816782, -0.03404424560343067],
      "qxyzw": [-0.01050717564151035, 0.0028188615942127404, 0.00023761371491282918, 0.9999407966570187]
    },
    "21": {
      "Tmat": [
        [0.9999240083634625, -0.005301000927696564, 0.011129999438927292, -0.24514558230307243],
        [0.005170250560008476, 0.9999176741698647, 0.011743653259352744, 0.7916864520422947],
        [-0.011191336269306448, -0.011685215954090541, 0.9998690962924167, 0.008076000070069034],
        [0.0, 0.0, 0.0, 1.0]
      ],
      "xyz": [-0.24514558230307243, 0.7916864520422947, 0.008076000070069034],
      "qxyzw": [-0.005857429068752977, 0.005580535681840915, 0.0026179075179229945, 0.9999638466996874]
    },
    "22": {
      "Tmat": [
        [0.9998974237338295, 0.011789212529834408, -0.008133663281508729, 0.4884306202185779],
        [-0.011847751669072842, 0.9999039850528697, -0.007186894724346385, 0.28141734071964025],
        [0.008048154498923918, 0.007282523142239427, 0.9999410942979814, 0.00480355721801029],
        [0.0, 0.0, 0.0, 1.0]
      ],
      "xyz": [0.4884306202185779, 0.28141734071964025, 0.00480355721801029],
      "qxyzw": [0.0036174709044702897, -0.004045584662900281, -0.005909431260328121, 0.9999678123675632]
    },
    "24": {
      "Tmat": [
        [0.9999505498683801, -0.0009999079119668794, 0.009894341923127842, -0.3609978092930456],
        [0.0010288275173845989, 0.9999952128447579, -0.002918184625142494, 0.15033027556739192],
        [-0.009891376641481781, 0.0029282198917656176, 0.9999467916826383, -0.03495988341072376],
        [0.0, 0.0, 0.0, 1.0]
      ],
      "xyz": [-0.3609978092930456, 0.15033027556739192, -0.03495988341072376],
      "qxyzw": [0.0014616207599495686, 0.004946496076506102, 0.0005071906693096005, 0.9999865692092792]
    },
    "25": {
      "Tmat": [
        [0.9999693258985691, -0.0012820706893347902, -0.0077268076660816296, -0.48760785708172205],
        [0.0012843119092057333, 0.9999991346292928, 0.00028510276413856484, 0.6676898188869652],
        [0.007726435457631267, -0.00029501764997303916, 0.9999701071330612, 0.0008918709383438639],
        [0.0, 0.0, 0.0, 1.0]
      ],
      "xyz": [-0.48760785708172205, 0.6676898188869652, 0.0008918709383438639],
      "qxyzw": [-0.00014503121723301356, -0.0038633404477970146, 0.0006416005765320786, 0.9999923209281312]
    },
    "26": {
      "Tmat": [
        [0.9999901799841591, 0.0014982010247065304, -0.00417077078472728, -0.4884134175142013],
        [-0.0015210779387928633, 0.9999837878045764, -0.005487298963657551, 0.27860063323082696],
        [0.004162482090446027, 0.005493589145723192, 0.9999762468284661, 0.0053946017028111415],
        [0.0, 0.0, 0.0, 1.0]
      ],
      "xyz": [-0.4884134175142013, 0.27860063323082696, 0.0053946017028111415],
      "qxyzw": [0.0027452391114958447, -0.0020833261837327477, -0.0007548244382924561, 0.9999937768077862]
    },
    "29": {
      "Tmat": [
        [0.9999942861334937, 0.0031241995876106917, 0.0012911534769445708, -0.4858635625228196],
        [-0.0031048145396396984, 0.999886355492807, -0.014752498974298835, 0.024999999999999925],
        [-0.0013370964956557017, 0.014748405888401036, 0.9998903423359545, 0.0030000000000002247],
        [0.0, 0.0, 0.0, 1.0]
      ],
      "xyz": [-0.4858635625228196, 0.024999999999999925, 0.0030000000000002247],
      "qxyzw": [0.007375437355377152, 0.0006570813036885781, -0.0015572981132308179, 0.9999713725855174]
    },
    "30": {
      "Tmat": [
        [0.9999820363306376, -0.005665027399489168, 0.001958182982819109, -0.1287491769362731],
        [0.005655159696074538, 0.9999714664165471, 0.005008544853882818, 0.6855034203039565],
        [-0.001986500652670365, -0.004997381044557025, 0.9999855398943793, -0.04474834929883453],
        [0.0, 0.0, 0.0, 1.0]
      ],
      "xyz": [-0.1287491769362731, 0.6855034203039565, -0.04474834929883453],
      "qxyzw": [-0.0025015005352906528, 0.0009861784232549908, 0.002830068338159371, 0.9999923803011656]
    },
    "33": {
      "Tmat": [
        [0.9996102585270329, 0.026132967458138492, 0.009818302264145937, 0.12473375593053526],
        [-0.026110680600089996, 0.9996561978734803, -0.002391320082607564, 0.31707414216616103],
        [-0.009877419000849486, 0.0021340255315420013, 0.9999489399608924, -0.038070576424449],
        [0.0, 0.0, 0.0, 1.0]
      ],
      "xyz": [0.12473375593053526, 0.31707414216616103, -0.038070576424449],
      "qxyzw": [0.0011314473761955418, 0.004924413304009279, -0.013062193157919535, 0.9999019197353065]
    },
    "35": {
      "Tmat": [
        [0.9997045237040388, 0.020733844763336454, -0.01268751224670875, 0.37212598191375734],
        [-0.020655179010427148, 0.9997668083190118, 0.006300203462088136, 0.5020034650091281],
        [0.012815181064960754, -0.006036279064652501, 0.9998996622008259, -0.034851762972908706],
        [0.0, 0.0, 0.0, 1.0]
      ],
      "xyz": [0.37212598191375734, 0.5020034650091281, -0.034851762972908706],
      "qxyzw": [-0.003084363151499402, -0.00637617467896523, -0.010348069599873074, 0.9999213711867391]
    },
    "37": {
      "Tmat": [
        [0.9992021170733141, -0.036153267290578675, 0.01697263976001048, -0.36696547871509455],
        [0.03619599048826641, 0.9993422520028663, -0.0022166719228615874, 0.4964438954134582],
        [-0.01688133610767952, 0.0028292447854945052, 0.9998534972010469, -0.0359131131768855],
        [0.0, 0.0, 0.0, 1.0]
      ],
      "xyz": [-0.36696547871509455, 0.4964438954134582, -0.0359131131768855],
      "qxyzw": [0.0012617318852964248, 0.008465189432395048, 0.01809093782026319, 0.9997997132272581]
    },
    "38": {
      "Tmat": [
        [0.9999015703271434, 0.0014399631175976717, -0.013956223111299166, 0.4931903725761744],
        [-0.00139851174825335, 0.9999945836440888, 0.002979403862622029, 0.7998275306431502],
        [0.013960437751102226, -0.0029595926588920816, 0.9998981683096995, -0.005922578168790493],
        [0.0, 0.0, 0.0, 1.0]
      ],
      "xyz": [0.4931903725761744, 0.7998275306431502, -0.005922578168790493],
      "qxyzw": [-0.0014847873043274998, -0.006979344654868269, -0.0007096369612612405, 0.9999742899546132]
    },
    "39": {
      "Tmat": [
        [0.9997380948747963, -0.015547251749744934, -0.016793588632056232, 0.3686735244351884],
        [0.015467265353582452, 0.9998684545271559, -0.004882350249554719, 0.6801137068647212],
        [0.016867286639959133, 0.004621320645390475, 0.999847057322718, -0.045080465299140116],
        [0.0, 0.0, 0.0, 1.0]
      ],
      "xyz": [0.3686735244351884, 0.6801137068647212, -0.045080465299140116],
      "qxyzw": [0.0023760800135462644, -0.008415793629265145, 0.007754158896453418, 0.9999316985080371]
    },
    "41": {
      "Tmat": [
        [0.9999780760785326, -0.00015712204194030544, -0.006619869707187519, 0.48748597931767645],
        [0.00018291490741791417, 0.9999923944003652, 0.0038958546638566717, 0.5355636426587623],
        [0.006619207234469007, -0.003896980124299509, 0.9999704993856062, 0.007394214420794909],
        [0.0, 0.0, 0.0, 1.0]
      ],
      "xyz": [0.48748597931767645, 0.5355636426587623, 0.007394214420794909],
      "qxyzw": [-0.001948223072576056, -0.003309793657700455, 8.50098646097163e-05, 0.9999926212058398]
    },
    "42": {
      "Tmat": [
        [0.9999575997245612, -0.00839008595394121, -0.003795419710606119, 0.12016555687108213],
        [0.00842333810716772, 0.9999255217493778, 0.008831666284862722, 0.5067503030535607],
        [0.003721038595139177, -0.008863261923260587, 0.9999537971625754, -0.03491604400301873],
        [0.0, 0.0, 0.0, 1.0]
      ],
      "xyz": [0.12016555687108213, 0.5067503030535607, -0.03491604400301873],
      "qxyzw": [-0.004423822233320193, -0.0018791528836784588, 0.004203441704025973, 0.9999796146217822]
    },
    "43": {
      "Tmat": [
        [0.999733683381707, -0.010068849135532253, 0.02076488837269881, -0.1298846150231637],
        [0.009943618119810553, 0.9999317998705111, 0.006125362553132926, 0.5003205841546507],
        [-0.02082514755607091, -0.0059172531470133485, 0.9997656222057557, -0.030814428978170882],
        [0.0, 0.0, 0.0, 1.0]
      ],
      "xyz": [-0.1298846150231637, 0.5003205841546507, -0.030814428978170882],
      "qxyzw": [-0.003010868040949332, 0.010398248446834457, 0.005003472632521571, 0.9999288856536217]
    },
    "50": {
      "Tmat": [
        [0.9998364413640882, -0.011267817670358506, 0.014146618159251442, -0.12167557603031229],
        [0.011445986708439763, 0.999855389886715, -0.012577309042724923, 0.31661547698916254],
        [-0.014002853590119654, 0.01273717391863459, 0.9998208261943241, -0.03211699813602975],
        [0.0, 0.0, 0.0, 1.0]
      ],
      "xyz": [-0.12167557603031229, 0.31661547698916254, -0.03211699813602975],
      "qxyzw": [0.006329006301346585, 0.007037796677628716, 0.0056787970451697405, 0.9999390803250374]
    },
    "51": {
      "Tmat": [
        [0.9999358337124725, 0.006596755976104341, -0.00920930335768513, 0.4892070920867177],
        [-0.006551799952084397, 0.9999665154557498, 0.004903252458764749, 0.6625212677028202],
        [0.009241340548319042, -0.004842600321960018, 0.9999455719422894, 0.005649446400974645],
        [0.0, 0.0, 0.0, 1.0]
      ],
      "xyz": [0.4892070920867177, 0.6625212677028202, 0.005649446400974645],
      "qxyzw": [-0.0024365095133290667, -0.00461274866504624, -0.00328720147188472, 0.9999809899581229]
    },
    "52": {
      "Tmat": [
        [0.9999785322876571, 0.002888102048815619, -0.005881652010995429, 0.0020955686156466993],
        [-0.0028442395372097456, 0.9999681864409606, 0.007452275319094259, 0.7881327673255032],
        [0.005902987826329342, -0.007435386508597629, 0.9999549338656168, 0.009406489966453768],
        [0.0, 0.0, 0.0, 1.0]
      ],
      "xyz": [0.0020955686156466993, 0.7881327673255032, 0.009406489966453768],
      "qxyzw": [-0.003721961212857927, -0.002946196178397753, -0.0014331030143600158, 0.9999877064987143]
    },
    "53": {
      "Tmat": [
        [0.9999995646823222, 0.0007837868578363062, -0.0005062739645413364, 0.48586356252281965],
        [-0.0007987990964103666, 0.9995385229878607, -0.030366148640382038, 0.02499999999999994],
        [0.000482239742517424, 0.030366539832646276, 0.9995387139593059, 0.0030000000000002247],
        [0.0, 0.0, 0.0, 1.0]
      ],
      "xyz": [0.48586356252281965, 0.02499999999999994, 0.0030000000000002247],
      "qxyzw": [0.015184924556579318, -0.0002471569502726645, -0.000395692153990676, 0.9998845935443613]
    }
  }
}