{
  "method": "ba",
  "num_markers": 30, "list_markers": [1, 2, 3, 6, 7, 8, 10, 11, 12, 16, 17, 21, 22, 24, 25, 26, 29, 30, 33, 35, 37, 38, 39, 41, 42, 43, 50, 51, 52, 53],
  "error_info": [
    ["chi2",
      2.1618291547709205, "chi-squared (lower is better)"
    ]
  ],
  "results": {
    "1": {
      "Tmat": [
        [0.9999291692014244, -0.011893901476603061, 0.00043782166979820157, -0.49130431274851843],
        [0.011886361855958733, 0.999825582779986, 0.014405499661250567, 0.7918795936229355],
        [-0.0006090828998518171, -0.01439927520141037, 0.9998961395523515, 0.0030000000000000027],
        [0.0, 0.0, 0.0, 1.0]
      ],
      "xyz": [-0.49130431274851843, 0.7918795936229355, 0.0030000000000000027],
      "qxyzw": [-0.007201507985948554, 0.00026173756451197683, 0.005945325284225395, 0.999956360489517]
    },
    "2": {
      "Tmat": [
        [0.9999843360271928, 0.0003276970650062627, 0.005587514195836394, -0.48810891864909],
        [-0.00032089064255867375, 0.9999992055318797, -0.0012190015606693303, 0.15154211464739692],
        [-0.005587909219968176, 0.001217189485241287, 0.9999836467264387, 0.006099120753117582],
        [0.0, 0.0, 0.0, 1.0]
      ],
      "xyz": [-0.48810891864909, 0.15154211464739692, 0.006099120753117582],
      "qxyzw": [0.0006090502594806463, 0.0027938673129215275, -0.00016214759193510243, 0.9999958985272777]
    },
    "3": {
      "Tmat": [
        [0.9999702216134232, 0.0071319494414394165, 0.0029480813366745693, 0.11942726480599192],
        [-0.007143080191716492, 0.9999673341515247, 0.003782464179243978, 0.14882172903150795],
        [-0.002921008691805905, -0.0038034099249629957, 0.9999885008244671, -0.041746489884063265],
        [0.0, 0.0, 0.0, 1.0]
      ],
      "xyz": [0.11942726480599192, 0.14882172903150795, -0.041746489884063265],
      "qxyzw": [-0.0018964860552136353, 0.0014672860691997691, -0.0035687903945081354, 0.9999907570309604]
    },
    "6": {
      "Tmat": [
        [0.9996777613851512, -0.021024839381260693, 0.014224258186843268, -0.36171062620530153],
        [0.020841824271147804, 0.9996996289164389, 0.012894584343250902, 0.3101788082772191],
        [-0.014491092195703893, -0.012593969720735305, 0.9998156831004649, -0.03203646096806134],
        [0.0, 0.0, 0.0, 1.0]
      ],
      "xyz": [-0.36171062620530153, 0.3101788082772191, -0.03203646096806134],
      "qxyzw": [-0.006372781344264043, 0.007179561804585566, 0.010467721801749026, 0.9998991290877866]
    },
    "7": {
      "Tmat": [
        [0.9999901585175105, 0.0035994094165506863, 0.00259366921076777, 0.4847496768642628],
        [-0.003611451953135719, 0.9999826513852632, 0.004653422749917712, 0.15235285640415103],
        [-0.002576874640534624, -0.00466274386507609, 0.9999858091676782, 0.002759823318596033],
        [0.0, 0.0, 0.0, 1.0]
      ],
      "xyz": [0.4847496768642628, 0.15235285640415103, 0.002759823318596033],
      "qxyzw": [-0.0023290537010804673, 0.001292642649186715, -0.0018027246672485198, 0.9999948273704281]
    },
    "8": {
      "Tmat": [
        [0.999963055120741, -0.00793176679616985, 0.003312924551832081, 0.4877595797137256],
        [0.007949828161476954, 0.9999534130113429, -0.005474672517170403, 0.41047272376831473],
        [-0.003269346386961963, 0.005500807436954392, 0.9999795260362799, -0.0028578125785975184],
        [0.0, 0.0, 0.0, 1.0]
      ],
      "xyz": [0.4877595797137256, 0.41047272376831473, -0.0028578125785975184],
      "qxyzw": [0.0027439056615369, 0.0016455891286959456, 0.003970450358496042, 0.9999869991865352]
    },
    "10": {
      "Tmat": [
        [0.9999745675035459, -0.006339492221950639, -0.00326729007954419, -0.49057882633614763],
        [0.006316203986177033, 0.9999549220259736, -0.00708939230354717, 0.5376662330392886],
        [0.0033120859440936446, 0.007068575131978075, 0.9999695322020079, -0.0014484815109664373],
        [0.0, 0.0, 0.0, 1.0]
      ],
      "xyz": [-0.49057882633614763, 0.5376662330392886, -0.0014484815109664373],
      "qxyzw": [0.0035395365361970935, -0.001644864767989973, 0.0031639639887347383, 0.9999873776367789]
    },
    "11": {
      "Tmat": [
        [0.999769296406093, -0.010390478007053325, 0.018798721511086188, 0.24794332408344266],
        [0.010288843008055281, 0.9999319692024484, 0.005495150268092176, 0.8005619133423887],
        [-0.01885453985707491, -0.00530046542279657, 0.9998081873004839, -0.010438350565293075],
        [0.0, 0.0, 0.0, 1.0]
      ],
      "xyz": [0.24794332408344266, 0.8005619133423887, -0.010438350565293075],
      "qxyzw": [-0.0026990694303788572, 0.009413892604443475, 0.005170147288586576, 0.9999386797335408]
    },
    "12": {
      "Tmat": [
        [0.9998978996336496, 0.012812106245473642, -0.0063277359120176855, 0.3627027219188614],
        [-0.01278440849596609, 0.9999086022208629, 0.004398420640270468, 0.31154483950518064],
        [0.006383510603563776, -0.004317075199158097, 0.9999703063861943, -0.04492093652902307],
        [0.0, 0.0, 0.0, 1.0]
      ],
      "xyz": [0.3627027219188614, 0.31154483950518064, -0.04492093652902307],
      "qxyzw": [-0.002178934750740255, -0.0031779002902767584, -0.0063993072219300446, 0.9999721006409014]
    },
    "16": {
      "Tmat": [
        [0.9998181624819781, -0.018609789987234227, -0.004161452605893633, 0.11632041740651736],
        [0.018550293827161324, 0.9997312244959987, -0.013905587605631672, 0.6857798858581543],
        [0.004419114174362035, 0.013825862879507487, 0.9998946529237722, -0.050678181641328535],
        [0.0, 0.0, 0.0, 1.0]
      ],
      "xyz": [0.11632041740651736, 0.6857798858581543, -0.050678181641328535],
      "qxyzw": [0.006933344470887538, -0.00214529078725445, 0.009290666631026805, 0.9999305025727729]
    },
    "17": {
      "Tmat": [
        [0.9996732834017656, 0.00342456800961576, 0.025329800367937565, -0.3708965667390886],
        [-0.003341858219620662, 0.9999889480500515, -0.0033069262755088744, 0.680410582937643],
        [-0.02534084521818499, 0.003221197246244751, 0.9996736794834247, -0.045722248640820196],
        [0.0, 0.0, 0.0, 1.0]
      ],
      "xyz": [-0.3708965667390886, 0.680410582937643, -0.045722248640820196],
      "qxyzw": [0.0016321663740425292, 0.01266871308441131, -0.0016917469969734914, 0.999916985421195]
    },
    "21": {
      "Tmat": [
        [0.999836003217914, -0.002314664406275204, 0.017961319492575397, -0.24769305085334414],
        [0.002617298709788359, 0.9998547032850033, -0.0168440513630751, 0.7927614471579203],
        [-0.01791972144570862, 0.0168882991311882, 0.9996967884992751, 1.2082090176890325e-05],
        [0.0, 0.0, 0.0, 1.0]
      ],
      "xyz": [-0.24769305085334414, 0.7927614471579203, 1.2082090176890325e-05],
      "qxyzw": [0.008433733361265848, 0.00897094710460844, 0.001233085191485615, 0.9999234339440934]
    },
    "22": {
      "Tmat": [
        [0.9999743576443711, 0.006847392875825491, -0.002096965553189298, 0.48870549633185595],
        [-0.006841048670567486, 0.9999720460892072, 0.0030177960918574727, 0.28226622052097017],
        [0.0021175709702613353, -0.0030033732650466727, 0.9999932477983124, -0.0051353538278828825],
        [0.0, 0.0, 0.0, 1.0]
      ],
      "xyz": [0.48870549633185595, 0.28226622052097017, -0.0051353538278828825],
      "qxyzw": [-0.0015053036946152862, -0.0010536420791029677, -0.0034221362017803738, 0.9999924564130336]
    },
    "24": {
      "Tmat": [
        [0.9999582975677941, -0.0023978053356385753, 0.008812131120887573, -0.3627741055719762],
        [0.002349942344206112, 0.9999824537055066, 0.005437835239605776, 0.15120393984343525],
        [-0.008825015370991751, -0.005416900468586929, 0.9999463867093152, -0.038587038710564014],
        [0.0, 0.0, 0.0, 1.0]
      ],
      "xyz": [-0.3627741055719762, 0.15120393984343525, -0.038587038710564014],
      "qxyzw": [-0.0027137222118387297, 0.004409348829409243, 0.0011869536653274849, 0.9999858921483112]
    },
    "25": {
      "Tmat": [
        [0.999827214185728, -0.004786365943012693, 0.01796197301710276, -0.49101825914936675],
        [0.004996894602391248, 0.9999191341741666, -0.011694278802809068, 0.6676161502551299],
        [-0.017904547409531325, 0.011782012283341591, 0.999770279298507, -0.0023834347081658214],
        [0.0, 0.0, 0.0, 1.0]
      ],
      "xyz": [-0.49101825914936675, 0.6676161502551299, -0.0023834347081658214],
      "qxyzw": [0.005869427422111949, 0.008967171933389695, 0.0024459629296696714, 0.9999395766318083]
    },
    "26": {
      "Tmat": [
        [0.9998489755655326, -0.002053275823913094, 0.017257175868192677, -0.4883793700554503],
        [0.0020915593840938698, 0.9999953912306542, -0.002200658263685827, 0.2781739213112169],
        [-0.017252577775439995, 0.002236420318646324, 0.9998486620405415, 0.007894938934116191],
        [0.0, 0.0, 0.0, 1.0]
      ],
      "xyz": [-0.4883793700554503, 0.2781739213112169, 0.007894938934116191],
      "qxyzw": [0.0011093122122572917, 0.008627769476814096, 0.0010362485650680995, 0.9999616278683809]
    },
    "29": {
      "Tmat": [
        [0.9999640423623781, -0.0010504129601891779, 0.008414904331399943, -0.4867215530336241],
        [0.0011881108126799303, 0.9998652096273131, -0.016375315863419938, 0.024999999999999897],
        [-0.00839656923929886, 0.01638472488457014, 0.9998305048434298, 0.0030000000000000027],
        [0.0, 0.0, 0.0, 1.0]
      ],
      "xyz": [-0.4867215530336241, 0.024999999999999897, 0.0030000000000000027],
      "qxyzw": [0.00819035853359605, 0.004203047153735429, 0.0005596547460613666, 0.9999574686996843]
    },
    "30": {
      "Tmat": [
        [0.9998773263848779, -0.007134295109223486, 0.013943959793459833, -0.13116260980966185],
        [0.007171842910474281, 0.9999707849080831, -0.0026446170949604242, 0.6832538311349783],
        [-0.013924684940586504, 0.0027442965594090332, 0.9998992809206831, -0.04915016422628549],
        [0.0, 0.0, 0.0, 1.0]
      ],
      "xyz": [-0.13116260980966185, 0.6832538311349783, -0.04915016422628549],
      "qxyzw": [0.0013472709556556443, 0.006967381188827559, 0.0035766474428316837, 0.999968423528169]
    },
    "33": {
      "Tmat": [
        [0.9997216481268306, 0.020909002265897692, 0.01092885587874882, 0.12182063224547271],
        [-0.02084874281922312, 0.9997669636580584, -0.005598955331524329, 0.3177838429503621],
        [-0.011043377627866733, 0.005369543946295501, 0.9999246030618395, -0.04470173419160095],
        [0.0, 0.0, 0.0, 1.0]
      ],
      "xyz": [0.12182063224547271, 0.3177838429503621, -0.04470173419160095],
      "qxyzw": [0.0027423259713529355, 0.005493461326625315, -0.010440202068812498, 0.9999266491656683]
    },
    "35": {
      "Tmat": [
        [0.9997874342444958, 0.012797176266750436, -0.016165352034702197, 0.3712625958351162],
        [-0.012953804512026107, 0.9998698008215036, -0.009621868520777392, 0.5036104582313118],
        [0.016040114571671236, 0.009829226051151108, 0.9998230348615517, -0.04362690443269723],
        [0.0, 0.0, 0.0, 1.0]
      ],
      "xyz": [0.3712625958351162, 0.5036104582313118, -0.04362690443269723],
      "qxyzw": [0.004863089589983421, -0.008051889769742582, -0.006438163471677449, 0.9999350316304992]
    },
    "37": {
      "Tmat": [
        [0.9989605747496835, -0.03360414446130537, 0.030798239735504874, -0.3691935546318092],
        [0.03382107557990274, 0.9994064412503089, -0.006549811753853243, 0.49777455147575544],
        [-0.0305598583504639, 0.0075846333079539465, 0.9995041612695686, -0.041208437795204333],
        [0.0, 0.0, 0.0, 1.0]
      ],
      "xyz": [-0.3691935546318092, 0.49777455147575544, -0.041208437795204333],
      "qxyzw": [0.0035345519449424922, 0.015343608042578616, 0.0168607923121645, 0.9997338617439092]
    },
    "38": {
      "Tmat": [
        [0.9999762757509758, -0.0041191446555622225, -0.005520922252297986, 0.49532240070918093],
        [0.004105726120368108, 0.9999885955634863, -0.0024396221000254795, 0.8058611004707839],
        [0.005530908445625545, 0.0024168968271232657, 0.999981783664829, -0.016206910588653645],
        [0.0, 0.0, 0.0, 1.0]
      ],
      "xyz": [0.49532240070918093, 0.8058611004707839, -0.016206910588653645],
      "qxyzw": [0.001214137827840075, -0.0027629760984192453, 0.002056231405241598, 0.999993331850179]
    },
    "39": {
      "Tmat": [
        [0.9996736664338074, -0.022836636484048562, -0.011447649229643643, 0.3686554400718445],
        [0.02258060363773948, 0.9995025623064249, -0.02201690900753527, 0.6824532607994569],
        [0.011944746884921498, 0.021751229321263707, 0.9996920561077143, -0.05404329326176305],
        [0.0, 0.0, 0.0, 1.0]
      ],
      "xyz": [0.3686554400718445, 0.6824532607994569, -0.05404329326176305],
      "qxyzw": [0.010943582819029409, -0.005848926502017404, 0.011355916601951788, 0.9998585255984898]
    },
    "41": {
      "Tmat": [
        [0.9999771882123784, -0.006643695009590689, 0.0012183478506577535, 0.4886895764203541],
        [0.006651944395724728, 0.9999540921815895, -0.006896750325249056, 0.539814867554403],
        [-0.0011724720132475447, 0.00690469738020238, 0.9999754749309939, -0.004686289092783236],
        [0.0, 0.0, 0.0, 1.0]
      ],
      "xyz": [0.4886895764203541, 0.539814867554403, -0.004686289092783236],
      "qxyzw": [0.0034504021430505102, 0.0005977119326981972, 0.0033239485941179525, 0.9999883443476929]
    },
    "42": {
      "Tmat": [
        [0.9999093104364537, -0.01338507929260264, -0.0014867934711314567, 0.1165684457320634],
        [0.013383534330028798, 0.9999098912071327, -0.0010442580987394506, 0.5086391284127273],
        [0.0015006369754201661, 0.0010242648439655567, 0.9999983494837364, -0.042614882965247625],
        [0.0, 0.0, 0.0, 1.0]
      ],
      "xyz": [0.1165684457320634, 0.5086391284127273, -0.042614882965247625],
      "qxyzw": [0.0005171425298196555, -0.0007468746451366748, 0.006692306032859777, 0.9999771936308502]
    },
    "43": {
      "Tmat": [
        [0.9999326371209613, -0.0059651553757968795, 0.009956813830912067, -0.13075194984994376],
        [0.006015035323168973, 0.9999694730101679, -0.0049872234588258, 0.5036267024931442],
        [-0.009926760316531818, 0.005046778091994391, 0.9999379928078085, -0.03944864541301252],
        [0.0, 0.0, 0.0, 1.0]
      ],
      "xyz": [-0.13075194984994376, 0.5036267024931442, -0.03944864541301252],
      "qxyzw": [0.0025085505269382305, 0.0049709928937481385, 0.002995107538951365, 0.9999800126676203]
    },
    "50": {
      "Tmat": [
        [0.9998994538560931, -0.010393030651282378, 0.009647128700698244, -0.12191617668237685],
        [0.010531721910910013, 0.9998402903260939, -0.014438721350005809, 0.3181388979285341],
        [-0.00949552588736339, 0.014538870468965596, 0.9998492167490103, -0.03641095453621146],
        [0.0, 0.0, 0.0, 1.0]
      ],
      "xyz": [-0.12191617668237685, 0.3181388979285341, -0.03641095453621146],
      "qxyzw": [0.007244770199755617, 0.004785909552808665, 0.00523145693910228, 0.9999486187963856]
    },
    "51": {
      "Tmat": [
        [0.9993788236283334, -0.004733378097615421, -0.0349222280937816, 0.4901088130538243],
        [0.0035208079624087026, 0.9993914967092553, -0.03470216443575923, 0.6671890334972439],
        [0.035065236268146456, 0.034557653812428445, 0.9987873636407498, -0.006111576918969686],
        [0.0, 0.0, 0.0, 1.0]
      ],
      "xyz": [0.4901088130538243, 0.6671890334972439, -0.006111576918969686],
      "qxyzw": [0.017320243057821202, -0.01750221014738118, 0.0020641767827311794, 0.99969466388222]
    },
    "52": {
      "Tmat": [
        [0.9999980020604199, -0.0001908544980122903, 0.0019898366085034824, -0.0005342192966870871],
        [0.0002003694694411719, 0.999988542831982, -0.004782683017391308, 0.7929764282866478],
        [-0.0019889010140446257, 0.004783072164385193, 0.9999865831567074, -0.0008027968229470384],
        [0.0, 0.0, 0.0, 1.0]
      ],
      "xyz": [-0.0005342192966870871, 0.7929764282866478, -0.0008027968229470384],
      "qxyzw": [0.0023914468283128478, 0.0009946877467927884, 9.780632039474014e-05, 0.9999966410004972]
    },
    "53": {
      "Tmat": [
        [0.9985504793758551, 4.7291495902514445e-05, -0.05382320969400222, 0.486721553033624],
        [0.0004194995156511221, 0.9999624018913366, 0.008661340766064077, 0.02499999999999994],
        [0.05382159565087683, -0.008671364784388068, 0.9985129159276658, 0.0030000000000000027],
        [0.0, 0.0, 0.0, 1.0]
      ],
      "xyz": [0.486721553033624, 0.02499999999999994, 0.0030000000000000027],
      "qxyzw": [-0.0043347882547182725, -0.026921211840366888, 9.308661868285829e-05, 0.9996281555151968]
    }
  }
}