[
    [
        [
            -0.9964555335958383,
            0.04326404065781403,
            0.07214286071533499,
            -0.06381708222748224
        ],
        [
            0.0068836787768256115,
            0.8966671745055201,
            -0.44265177411909706,
            -0.018985073882617488
        ],
        [
            -0.08383903943110685,
            -0.4405862014977837,
            -0.8937867835882469,
            0.9478788193993443
        ],
        [
            0.0,
            0.0,
            0.0,
            1.0
        ]
    ],
    [
        [
            -0.9964287458170288,
            0.03678091263156154,
            0.07600604565093745,
            -0.06907771276146672
        ],
        [
            0.0016792199583682901,
            0.9085954244715964,
            -0.4176739575908588,
            0.0024274081824312483
        ],
        [
            -0.08442117465324898,
            -0.4160547068538806,
            -0.9054123625039019,
            1.0249805997864903
        ],
        [
            0.0,
            0.0,
            0.0,
            1.0
        ]
    ],
    [
        [
            -0.9987095294317025,
            0.0296994149517959,
            0.04119733697495943,
            -0.02399988394497367
        ],
        [
            0.010121711074778087,
            0.9113096110752574,
            -0.4115973077253797,
            0.051945790248943656
        ],
        [
            -0.0497677283711647,
            -0.41064916597185885,
            -0.9104342017407907,
            1.1260559069790925
        ],
        [
            0.0,
            0.0,
            0.0,
            1.0
        ]
    ],
    [
        [
            -0.9992806098165069,
            0.027071026585985668,
            0.026559788484303782,
            -0.01628895265752889
        ],
        [
            0.015450636773095078,
            0.9301816180138596,
            -0.36677436569698324,
            0.040121298380210196
        ],
        [
            -0.034634385631276625,
            -0.36610014617410275,
            -0.9299307190878494,
            1.227009502327184
        ],
        [
            0.0,
            0.0,
            0.0,
            1.0
        ]
    ],
    [
        [
            -0.9996359030997524,
            0.01884016711550298,
            0.01931603833612128,
            0.020140048847367815
        ],
        [
            0.010889025439934643,
            0.936662953887142,
            -0.3500627657154965,
            0.05944597811861725
        ],
        [
            -0.024687858532303753,
            -0.34972497611476655,
            -0.936527068868068,
            1.3781370615475792
        ],
        [
            0.0,
            0.0,
            0.0,
            1.0
        ]
    ],
    [
        [
            -0.9965626876539654,
            0.05003334659897256,
            0.06602631145242062,
            -0.022399025567754482
        ],
        [
            0.02202843526935083,
            0.9283666433835285,
            -0.3710122956080884,
            0.11336345387834755
        ],
        [
            -0.07985961191671913,
            -0.3682825541359604,
            -0.9262777135954445,
            1.4830483642353955
        ],
        [
            0.0,
            0.0,
            0.0,
            1.0
        ]
    ],
    [
        [
            -0.993284148294655,
            0.0561175698326761,
            0.10118013195601516,
            -0.06872342138733255
        ],
        [
            0.011851514286477651,
            0.9192493387966864,
            -0.39349738846779153,
            0.18302359510653185
        ],
        [
            -0.11509188657624539,
            -0.38965558058101685,
            -0.9137408747376858,
            1.4866918562218727
        ],
        [
            0.0,
            0.0,
            0.0,
            1.0
        ]
    ],
    [
        [
            -0.996042897192802,
            0.03491610604757115,
            0.08172767273233696,
            -0.05223364656294547
        ],
        [
            -0.0024380873429307726,
            0.9085115390716156,
            -0.41785265238338787,
            0.1623928279702607
        ],
        [
            -0.08884032126167403,
            -0.41639842568410235,
            -0.9048313369937646,
            1.3695129394888252
        ],
        [
            0.0,
            0.0,
            0.0,
            1.0
        ]
    ],
    [
        [
            -0.9960585829464739,
            0.06300826437667757,
            0.0624280222248078,
            -0.07502073649019249
        ],
        [
            0.03319552416217153,
            0.9174895500582035,
            -0.39637227792770113,
            0.09593247575456237
        ],
        [
            -0.08225178730131692,
            -0.39273767855177166,
            -0.9159649334617043,
            1.2589593316460352
        ],
        [
            0.0,
            0.0,
            0.0,
            1.0
        ]
    ],
    [
        [
            -0.9961337585321899,
            0.058724533488750064,
            0.06533731153836521,
            -0.08925979683642607
        ],
        [
            0.020596515226920683,
            0.8791293403060213,
            -0.47613799110510685,
            0.10045261637779937
        ],
        [
            -0.08540092899401004,
            -0.47295140572751054,
            -0.8769399347431566,
            1.162746463930031
        ],
        [
            0.0,
            0.0,
            0.0,
            1.0
        ]
    ],
    [
        [
            -0.9979122864537358,
            0.03491556021746885,
            0.05433205498945968,
            -0.07252409332958884
        ],
        [
            0.004641691000867722,
            0.8778627356933236,
            -0.478889832827641,
            0.05066179959302371
        ],
        [
            -0.06441679322451427,
            -0.47763785542577525,
            -0.876192077009908,
            1.086845483353095
        ],
        [
            0.0,
            0.0,
            0.0,
            1.0
        ]
    ],
    [
        [
            -0.9995590326519307,
            0.026550545528455313,
            -0.013296946118485045,
            -0.018694401322888528
        ],
        [
            0.029614347609965053,
            0.8585401468411951,
            -0.511890424483147,
            0.018264009729093266
        ],
        [
            -0.0021750079477165047,
            -0.5120584779046644,
            -0.8589478357539448,
            0.9896454817478147
        ],
        [
            0.0,
            0.0,
            0.0,
            1.0
        ]
    ],
    [
        [
            -0.9994965886620341,
            0.026712355716688785,
            -0.01711780666503942,
            -0.029378933765300264
        ],
        [
            0.03172466320848065,
            0.8357189665327539,
            -0.5482402344973717,
            -0.011481148419645478
        ],
        [
            -0.00033911246668042773,
            -0.5485073007987128,
            -0.8361456966182659,
            0.890244469020955
        ],
        [
            0.0,
            0.0,
            0.0,
            1.0
        ]
    ],
    [
        [
            -0.998452603933884,
            0.026492166156964276,
            -0.04889338227161423,
            -0.02314567385742616
        ],
        [
            0.0492871139882147,
            0.8287473101808421,
            -0.557448361969727,
            -0.05056799501953974
        ],
        [
            0.025752244414014396,
            -0.5589955822726427,
            -0.8287706322664372,
            0.8209666534861828
        ],
        [
            0.0,
            0.0,
            0.0,
            1.0
        ]
    ]
]